-1 -0.467652
-0.894737 -0.211568
-0.789474 -0.0066657
-0.684211 0.132849
-0.578947 0.204378
-0.473684 0.21399
-0.368421 0.17577
-0.263158 0.111108
-0.157895 0.046022
-0.0526316 0.00548998
0.0526316 0.00548838
0.157895 0.0456611
0.263158 0.107132
0.368421 0.159041
0.473684 0.173013
0.578947 0.138638
0.684211 0.0700069
0.789474 -0.00249145
0.894737 -0.0505002
1 -0.0632898


-1 -0.467134
-0.984375 -0.427709
-0.96875 -0.388643
-0.953125 -0.350086
-0.9375 -0.312179
-0.921875 -0.275051
-0.90625 -0.238825
-0.890625 -0.203612
-0.875 -0.169511
-0.859375 -0.136614
-0.84375 -0.104999
-0.828125 -0.0747354
-0.8125 -0.045881
-0.796875 -0.0184846
-0.78125 0.00741502
-0.765625 0.0317879
-0.75 0.0546126
-0.734375 0.075876
-0.71875 0.0955719
-0.703125 0.113701
-0.6875 0.13027
-0.671875 0.145292
-0.65625 0.158783
-0.640625 0.170765
-0.625 0.181264
-0.609375 0.190308
-0.59375 0.197931
-0.578125 0.204167
-0.5625 0.209054
-0.546875 0.212631
-0.53125 0.214942
-0.515625 0.21603
-0.5 0.215943
-0.484375 0.214731
-0.46875 0.212443
-0.453125 0.209136
-0.4375 0.204866
-0.421875 0.199692
-0.40625 0.193677
-0.390625 0.186887
-0.375 0.17939
-0.359375 0.171258
-0.34375 0.162567
-0.328125 0.153393
-0.3125 0.143818
-0.296875 0.133926
-0.28125 0.123801
-0.265625 0.113533
-0.25 0.10321
-0.234375 0.0929231
-0.21875 0.0827631
-0.203125 0.0728206
-0.1875 0.0631851
-0.171875 0.0539446
-0.15625 0.0451843
-0.140625 0.0369861
-0.125 0.0294272
-0.109375 0.0225801
-0.09375 0.0165109
-0.078125 0.0112788
-0.0625 0.00693547
-0.046875 0.00352397
-0.03125 0.00107838
-0.015625 -0.000376941
0 -0.000827739
0.015625 -0.000270279
0.03125 0.00128843
0.046875 0.00383051
0.0625 0.00732727
0.078125 0.0117393
0.09375 0.0170168
0.109375 0.0231
0.125 0.0299197
0.140625 0.0373981
0.15625 0.0454495
0.171875 0.0539811
0.1875 0.0628942
0.203125 0.0720854
0.21875 0.0814475
0.234375 0.0908709
0.25 0.100245
0.265625 0.109459
0.28125 0.118405
0.296875 0.126975
0.3125 0.135067
0.328125 0.142585
0.34375 0.149437
0.359375 0.15554
0.375 0.160818
0.390625 0.165206
0.40625 0.168646
0.421875 0.171095
0.4375 0.172516
0.453125 0.172886
0.46875 0.172192
0.484375 0.170435
0.5 0.167625
0.515625 0.163783
0.53125 0.158942
0.546875 0.153146
0.5625 0.146446
0.578125 0.138905
0.59375 0.130593
0.609375 0.121588
0.625 0.111972
0.640625 0.101836
0.65625 0.0912744
0.671875 0.0803843
0.6875 0.069266
0.703125 0.0580213
0.71875 0.0467524
0.734375 0.0355612
0.75 0.0245479
0.765625 0.0138107
0.78125 0.00344447
0.796875 -0.00645966
0.8125 -0.0158152
0.828125 -0.0245407
0.84375 -0.0325607
0.859375 -0.0398056
0.875 -0.0462126
0.890625 -0.0517257
0.90625 -0.0562957
0.921875 -0.059881
0.9375 -0.062447
0.953125 -0.0639664
0.96875 -0.0644192
0.984375 -0.0637924
1 -0.0620797


-5 -5 0
-5 -4.65517 3.32937
-5 -4.31034 6.42093
-5 -3.96552 9.27467
-5 -3.62069 11.8906
-5 -3.27586 14.2687
-5 -2.93103 16.409
-5 -2.58621 18.3115
-5 -2.24138 19.9762
-5 -1.89655 21.4031
-5 -1.55172 22.5922
-5 -1.2069 23.5434
-5 -0.862069 24.2568
-5 -0.517241 24.7325
-5 -0.172414 24.9703
-5 0.172414 24.9703
-5 0.517241 24.7325
-5 0.862069 24.2568
-5 1.2069 23.5434
-5 1.55172 22.5922
-5 1.89655 21.4031
-5 2.24138 19.9762
-5 2.58621 18.3115
-5 2.93103 16.409
-5 3.27586 14.2687
-5 3.62069 11.8906
-5 3.96552 9.27467
-5 4.31034 6.42093
-5 4.65517 3.32937
-5 5 0
-4.65517 -5 -3.32937
-4.65517 -4.65517 0
-4.65517 -4.31034 3.09156
-4.65517 -3.96552 5.9453
-4.65517 -3.62069 8.56124
-4.65517 -3.27586 10.9394
-4.65517 -2.93103 13.0797
-4.65517 -2.58621 14.9822
-4.65517 -2.24138 16.6468
-4.65517 -1.89655 18.0737
-4.65517 -1.55172 19.2628
-4.65517 -1.2069 20.214
-4.65517 -0.862069 20.9275
-4.65517 -0.517241 21.4031
-4.65517 -0.172414 21.6409
-4.65517 0.172414 21.6409
-4.65517 0.517241 21.4031
-4.65517 0.862069 20.9275
-4.65517 1.2069 20.214
-4.65517 1.55172 19.2628
-4.65517 1.89655 18.0737
-4.65517 2.24138 16.6468
-4.65517 2.58621 14.9822
-4.65517 2.93103 13.0797
-4.65517 3.27586 10.9394
-4.65517 3.62069 8.56124
-4.65517 3.96552 5.9453
-4.65517 4.31034 3.09156
-4.65517 4.65517 0
-4.65517 5 -3.32937
-4.31034 -5 -6.42093
-4.31034 -4.65517 -3.09156
-4.31034 -4.31034 0
-4.31034 -3.96552 2.85375
-4.31034 -3.62069 5.46968
-4.31034 -3.27586 7.8478
-4.31034 -2.93103 9.98811
-4.31034 -2.58621 11.8906
-4.31034 -2.24138 13.5553
-4.31034 -1.89655 14.9822
-4.31034 -1.55172 16.1712
-4.31034 -1.2069 17.1225
-4.31034 -0.862069 17.8359
-4.31034 -0.517241 18.3115
-4.31034 -0.172414 18.5493
-4.31034 0.172414 18.5493
-4.31034 0.517241 18.3115
-4.31034 0.862069 17.8359
-4.31034 1.2069 17.1225
-4.31034 1.55172 16.1712
-4.31034 1.89655 14.9822
-4.31034 2.24138 13.5553
-4.31034 2.58621 11.8906
-4.31034 2.93103 9.98811
-4.31034 3.27586 7.8478
-4.31034 3.62069 5.46968
-4.31034 3.96552 2.85375
-4.31034 4.31034 0
-4.31034 4.65517 -3.09156
-4.31034 5 -6.42093
-3.96552 -5 -9.27467
-3.96552 -4.65517 -5.9453
-3.96552 -4.31034 -2.85375
-3.96552 -3.96552 0
-3.96552 -3.62069 2.61593
-3.96552 -3.27586 4.99405
-3.96552 -2.93103 7.13436
-3.96552 -2.58621 9.03686
-3.96552 -2.24138 10.7015
-3.96552 -1.89655 12.1284
-3.96552 -1.55172 13.3175
-3.96552 -1.2069 14.2687
-3.96552 -0.862069 14.9822
-3.96552 -0.517241 15.4578
-3.96552 -0.172414 15.6956
-3.96552 0.172414 15.6956
-3.96552 0.517241 15.4578
-3.96552 0.862069 14.9822
-3.96552 1.2069 14.2687
-3.96552 1.55172 13.3175
-3.96552 1.89655 12.1284
-3.96552 2.24138 10.7015
-3.96552 2.58621 9.03686
-3.96552 2.93103 7.13436
-3.96552 3.27586 4.99405
-3.96552 3.62069 2.61593
-3.96552 3.96552 7.10543e-15
-3.96552 4.31034 -2.85375
-3.96552 4.65517 -5.9453
-3.96552 5 -9.27467
-3.62069 -5 -11.8906
-3.62069 -4.65517 -8.56124
-3.62069 -4.31034 -5.46968
-3.62069 -3.96552 -2.61593
-3.62069 -3.62069 0
-3.62069 -3.27586 2.37812
-3.62069 -2.93103 4.51843
-3.62069 -2.58621 6.42093
-3.62069 -2.24138 8.08561
-3.62069 -1.89655 9.51249
-3.62069 -1.55172 10.7015
-3.62069 -1.2069 11.6528
-3.62069 -0.862069 12.3662
-3.62069 -0.517241 12.8419
-3.62069 -0.172414 13.0797
-3.62069 0.172414 13.0797
-3.62069 0.517241 12.8419
-3.62069 0.862069 12.3662
-3.62069 1.2069 11.6528
-3.62069 1.55172 10.7015
-3.62069 1.89655 9.51249
-3.62069 2.24138 8.08561
-3.62069 2.58621 6.42093
-3.62069 2.93103 4.51843
-3.62069 3.27586 2.37812
-3.62069 3.62069 -5.32907e-15
-3.62069 3.96552 -2.61593
-3.62069 4.31034 -5.46968
-3.62069 4.65517 -8.56124
-3.62069 5 -11.8906
-3.27586 -5 -14.2687
-3.27586 -4.65517 -10.9394
-3.27586 -4.31034 -7.8478
-3.27586 -3.96552 -4.99405
-3.27586 -3.62069 -2.37812
-3.27586 -3.27586 0
-3.27586 -2.93103 2.14031
-3.27586 -2.58621 4.04281
-3.27586 -2.24138 5.70749
-3.27586 -1.89655 7.13436
-3.27586 -1.55172 8.32342
-3.27586 -1.2069 9.27467
-3.27586 -0.862069 9.98811
-3.27586 -0.517241 10.4637
-3.27586 -0.172414 10.7015
-3.27586 0.172414 10.7015
-3.27586 0.517241 10.4637
-3.27586 0.862069 9.98811
-3.27586 1.2069 9.27467
-3.27586 1.55172 8.32342
-3.27586 1.89655 7.13436
-3.27586 2.24138 5.70749
-3.27586 2.58621 4.04281
-3.27586 2.93103 2.14031
-3.27586 3.27586 -3.55271e-15
-3.27586 3.62069 -2.37812
-3.27586 3.96552 -4.99405
-3.27586 4.31034 -7.8478
-3.27586 4.65517 -10.9394
-3.27586 5 -14.2687
-2.93103 -5 -16.409
-2.93103 -4.65517 -13.0797
-2.93103 -4.31034 -9.98811
-2.93103 -3.96552 -7.13436
-2.93103 -3.62069 -4.51843
-2.93103 -3.27586 -2.14031
-2.93103 -2.93103 0
-2.93103 -2.58621 1.9025
-2.93103 -2.24138 3.56718
-2.93103 -1.89655 4.99405
-2.93103 -1.55172 6.18312
-2.93103 -1.2069 7.13436
-2.93103 -0.862069 7.8478
-2.93103 -0.517241 8.32342
-2.93103 -0.172414 8.56124
-2.93103 0.172414 8.56124
-2.93103 0.517241 8.32342
-2.93103 0.862069 7.8478
-2.93103 1.2069 7.13436
-2.93103 1.55172 6.18312
-2.93103 1.89655 4.99405
-2.93103 2.24138 3.56718
-2.93103 2.58621 1.9025
-2.93103 2.93103 -3.55271e-15
-2.93103 3.27586 -2.14031
-2.93103 3.62069 -4.51843
-2.93103 3.96552 -7.13436
-2.93103 4.31034 -9.98811
-2.93103 4.65517 -13.0797
-2.93103 5 -16.409
-2.58621 -5 -18.3115
-2.58621 -4.65517 -14.9822
-2.58621 -4.31034 -11.8906
-2.58621 -3.96552 -9.03686
-2.58621 -3.62069 -6.42093
-2.58621 -3.27586 -4.04281
-2.58621 -2.93103 -1.9025
-2.58621 -2.58621 0
-2.58621 -2.24138 1.66468
-2.58621 -1.89655 3.09156
-2.58621 -1.55172 4.28062
-2.58621 -1.2069 5.23187
-2.58621 -0.862069 5.9453
-2.58621 -0.517241 6.42093
-2.58621 -0.172414 6.65874
-2.58621 0.172414 6.65874
-2.58621 0.517241 6.42093
-2.58621 0.862069 5.9453
-2.58621 1.2069 5.23187
-2.58621 1.55172 4.28062
-2.58621 1.89655 3.09156
-2.58621 2.24138 1.66468
-2.58621 2.58621 0
-2.58621 2.93103 -1.9025
-2.58621 3.27586 -4.04281
-2.58621 3.62069 -6.42093
-2.58621 3.96552 -9.03686
-2.58621 4.31034 -11.8906
-2.58621 4.65517 -14.9822
-2.58621 5 -18.3115
-2.24138 -5 -19.9762
-2.24138 -4.65517 -16.6468
-2.24138 -4.31034 -13.5553
-2.24138 -3.96552 -10.7015
-2.24138 -3.62069 -8.08561
-2.24138 -3.27586 -5.70749
-2.24138 -2.93103 -3.56718
-2.24138 -2.58621 -1.66468
-2.24138 -2.24138 0
-2.24138 -1.89655 1.42687
-2.24138 -1.55172 2.61593
-2.24138 -1.2069 3.56718
-2.24138 -0.862069 4.28062
-2.24138 -0.517241 4.75624
-2.24138 -0.172414 4.99405
-2.24138 0.172414 4.99405
-2.24138 0.517241 4.75624
-2.24138 0.862069 4.28062
-2.24138 1.2069 3.56718
-2.24138 1.55172 2.61593
-2.24138 1.89655 1.42687
-2.24138 2.24138 0
-2.24138 2.58621 -1.66468
-2.24138 2.93103 -3.56718
-2.24138 3.27586 -5.70749
-2.24138 3.62069 -8.08561
-2.24138 3.96552 -10.7015
-2.24138 4.31034 -13.5553
-2.24138 4.65517 -16.6468
-2.24138 5 -19.9762
-1.89655 -5 -21.4031
-1.89655 -4.65517 -18.0737
-1.89655 -4.31034 -14.9822
-1.89655 -3.96552 -12.1284
-1.89655 -3.62069 -9.51249
-1.89655 -3.27586 -7.13436
-1.89655 -2.93103 -4.99405
-1.89655 -2.58621 -3.09156
-1.89655 -2.24138 -1.42687
-1.89655 -1.89655 0
-1.89655 -1.55172 1.18906
-1.89655 -1.2069 2.14031
-1.89655 -0.862069 2.85375
-1.89655 -0.517241 3.32937
-1.89655 -0.172414 3.56718
-1.89655 0.172414 3.56718
-1.89655 0.517241 3.32937
-1.89655 0.862069 2.85375
-1.89655 1.2069 2.14031
-1.89655 1.55172 1.18906
-1.89655 1.89655 1.77636e-15
-1.89655 2.24138 -1.42687
-1.89655 2.58621 -3.09156
-1.89655 2.93103 -4.99405
-1.89655 3.27586 -7.13436
-1.89655 3.62069 -9.51249
-1.89655 3.96552 -12.1284
-1.89655 4.31034 -14.9822
-1.89655 4.65517 -18.0737
-1.89655 5 -21.4031
-1.55172 -5 -22.5922
-1.55172 -4.65517 -19.2628
-1.55172 -4.31034 -16.1712
-1.55172 -3.96552 -13.3175
-1.55172 -3.62069 -10.7015
-1.55172 -3.27586 -8.32342
-1.55172 -2.93103 -6.18312
-1.55172 -2.58621 -4.28062
-1.55172 -2.24138 -2.61593
-1.55172 -1.89655 -1.18906
-1.55172 -1.55172 0
-1.55172 -1.2069 0.951249
-1.55172 -0.862069 1.66468
-1.55172 -0.517241 2.14031
-1.55172 -0.172414 2.37812
-1.55172 0.172414 2.37812
-1.55172 0.517241 2.14031
-1.55172 0.862069 1.66468
-1.55172 1.2069 0.951249
-1.55172 1.55172 0
-1.55172 1.89655 -1.18906
-1.55172 2.24138 -2.61593
-1.55172 2.58621 -4.28062
-1.55172 2.93103 -6.18312
-1.55172 3.27586 -8.32342
-1.55172 3.62069 -10.7015
-1.55172 3.96552 -13.3175
-1.55172 4.31034 -16.1712
-1.55172 4.65517 -19.2628
-1.55172 5 -22.5922
-1.2069 -5 -23.5434
-1.2069 -4.65517 -20.214
-1.2069 -4.31034 -17.1225
-1.2069 -3.96552 -14.2687
-1.2069 -3.62069 -11.6528
-1.2069 -3.27586 -9.27467
-1.2069 -2.93103 -7.13436
-1.2069 -2.58621 -5.23187
-1.2069 -2.24138 -3.56718
-1.2069 -1.89655 -2.14031
-1.2069 -1.55172 -0.951249
-1.2069 -1.2069 0
-1.2069 -0.862069 0.713436
-1.2069 -0.517241 1.18906
-1.2069 -0.172414 1.42687
-1.2069 0.172414 1.42687
-1.2069 0.517241 1.18906
-1.2069 0.862069 0.713436
-1.2069 1.2069 0
-1.2069 1.55172 -0.951249
-1.2069 1.89655 -2.14031
-1.2069 2.24138 -3.56718
-1.2069 2.58621 -5.23187
-1.2069 2.93103 -7.13436
-1.2069 3.27586 -9.27467
-1.2069 3.62069 -11.6528
-1.2069 3.96552 -14.2687
-1.2069 4.31034 -17.1225
-1.2069 4.65517 -20.214
-1.2069 5 -23.5434
-0.862069 -5 -24.2568
-0.862069 -4.65517 -20.9275
-0.862069 -4.31034 -17.8359
-0.862069 -3.96552 -14.9822
-0.862069 -3.62069 -12.3662
-0.862069 -3.27586 -9.98811
-0.862069 -2.93103 -7.8478
-0.862069 -2.58621 -5.9453
-0.862069 -2.24138 -4.28062
-0.862069 -1.89655 -2.85375
-0.862069 -1.55172 -1.66468
-0.862069 -1.2069 -0.713436
-0.862069 -0.862069 0
-0.862069 -0.517241 0.475624
-0.862069 -0.172414 0.713436
-0.862069 0.172414 0.713436
-0.862069 0.517241 0.475624
-0.862069 0.862069 0
-0.862069 1.2069 -0.713436
-0.862069 1.55172 -1.66468
-0.862069 1.89655 -2.85375
-0.862069 2.24138 -4.28062
-0.862069 2.58621 -5.9453
-0.862069 2.93103 -7.8478
-0.862069 3.27586 -9.98811
-0.862069 3.62069 -12.3662
-0.862069 3.96552 -14.9822
-0.862069 4.31034 -17.8359
-0.862069 4.65517 -20.9275
-0.862069 5 -24.2568
-0.517241 -5 -24.7325
-0.517241 -4.65517 -21.4031
-0.517241 -4.31034 -18.3115
-0.517241 -3.96552 -15.4578
-0.517241 -3.62069 -12.8419
-0.517241 -3.27586 -10.4637
-0.517241 -2.93103 -8.32342
-0.517241 -2.58621 -6.42093
-0.517241 -2.24138 -4.75624
-0.517241 -1.89655 -3.32937
-0.517241 -1.55172 -2.14031
-0.517241 -1.2069 -1.18906
-0.517241 -0.862069 -0.475624
-0.517241 -0.517241 0
-0.517241 -0.172414 0.237812
-0.517241 0.172414 0.237812
-0.517241 0.517241 0
-0.517241 0.862069 -0.475624
-0.517241 1.2069 -1.18906
-0.517241 1.55172 -2.14031
-0.517241 1.89655 -3.32937
-0.517241 2.24138 -4.75624
-0.517241 2.58621 -6.42093
-0.517241 2.93103 -8.32342
-0.517241 3.27586 -10.4637
-0.517241 3.62069 -12.8419
-0.517241 3.96552 -15.4578
-0.517241 4.31034 -18.3115
-0.517241 4.65517 -21.4031
-0.517241 5 -24.7325
-0.172414 -5 -24.9703
-0.172414 -4.65517 -21.6409
-0.172414 -4.31034 -18.5493
-0.172414 -3.96552 -15.6956
-0.172414 -3.62069 -13.0797
-0.172414 -3.27586 -10.7015
-0.172414 -2.93103 -8.56124
-0.172414 -2.58621 -6.65874
-0.172414 -2.24138 -4.99405
-0.172414 -1.89655 -3.56718
-0.172414 -1.55172 -2.37812
-0.172414 -1.2069 -1.42687
-0.172414 -0.862069 -0.713436
-0.172414 -0.517241 -0.237812
-0.172414 -0.172414 0
-0.172414 0.172414 0
-0.172414 0.517241 -0.237812
-0.172414 0.862069 -0.713436
-0.172414 1.2069 -1.42687
-0.172414 1.55172 -2.37812
-0.172414 1.89655 -3.56718
-0.172414 2.24138 -4.99405
-0.172414 2.58621 -6.65874
-0.172414 2.93103 -8.56124
-0.172414 3.27586 -10.7015
-0.172414 3.62069 -13.0797
-0.172414 3.96552 -15.6956
-0.172414 4.31034 -18.5493
-0.172414 4.65517 -21.6409
-0.172414 5 -24.9703
0.172414 -5 -24.9703
0.172414 -4.65517 -21.6409
0.172414 -4.31034 -18.5493
0.172414 -3.96552 -15.6956
0.172414 -3.62069 -13.0797
0.172414 -3.27586 -10.7015
0.172414 -2.93103 -8.56124
0.172414 -2.58621 -6.65874
0.172414 -2.24138 -4.99405
0.172414 -1.89655 -3.56718
0.172414 -1.55172 -2.37812
0.172414 -1.2069 -1.42687
0.172414 -0.862069 -0.713436
0.172414 -0.517241 -0.237812
0.172414 -0.172414 0
0.172414 0.172414 0
0.172414 0.517241 -0.237812
0.172414 0.862069 -0.713436
0.172414 1.2069 -1.42687
0.172414 1.55172 -2.37812
0.172414 1.89655 -3.56718
0.172414 2.24138 -4.99405
0.172414 2.58621 -6.65874
0.172414 2.93103 -8.56124
0.172414 3.27586 -10.7015
0.172414 3.62069 -13.0797
0.172414 3.96552 -15.6956
0.172414 4.31034 -18.5493
0.172414 4.65517 -21.6409
0.172414 5 -24.9703
0.517241 -5 -24.7325
0.517241 -4.65517 -21.4031
0.517241 -4.31034 -18.3115
0.517241 -3.96552 -15.4578
0.517241 -3.62069 -12.8419
0.517241 -3.27586 -10.4637
0.517241 -2.93103 -8.32342
0.517241 -2.58621 -6.42093
0.517241 -2.24138 -4.75624
0.517241 -1.89655 -3.32937
0.517241 -1.55172 -2.14031
0.517241 -1.2069 -1.18906
0.517241 -0.862069 -0.475624
0.517241 -0.517241 0
0.517241 -0.172414 0.237812
0.517241 0.172414 0.237812
0.517241 0.517241 0
0.517241 0.862069 -0.475624
0.517241 1.2069 -1.18906
0.517241 1.55172 -2.14031
0.517241 1.89655 -3.32937
0.517241 2.24138 -4.75624
0.517241 2.58621 -6.42093
0.517241 2.93103 -8.32342
0.517241 3.27586 -10.4637
0.517241 3.62069 -12.8419
0.517241 3.96552 -15.4578
0.517241 4.31034 -18.3115
0.517241 4.65517 -21.4031
0.517241 5 -24.7325
0.862069 -5 -24.2568
0.862069 -4.65517 -20.9275
0.862069 -4.31034 -17.8359
0.862069 -3.96552 -14.9822
0.862069 -3.62069 -12.3662
0.862069 -3.27586 -9.98811
0.862069 -2.93103 -7.8478
0.862069 -2.58621 -5.9453
0.862069 -2.24138 -4.28062
0.862069 -1.89655 -2.85375
0.862069 -1.55172 -1.66468
0.862069 -1.2069 -0.713436
0.862069 -0.862069 0
0.862069 -0.517241 0.475624
0.862069 -0.172414 0.713436
0.862069 0.172414 0.713436
0.862069 0.517241 0.475624
0.862069 0.862069 0
0.862069 1.2069 -0.713436
0.862069 1.55172 -1.66468
0.862069 1.89655 -2.85375
0.862069 2.24138 -4.28062
0.862069 2.58621 -5.9453
0.862069 2.93103 -7.8478
0.862069 3.27586 -9.98811
0.862069 3.62069 -12.3662
0.862069 3.96552 -14.9822
0.862069 4.31034 -17.8359
0.862069 4.65517 -20.9275
0.862069 5 -24.2568
1.2069 -5 -23.5434
1.2069 -4.65517 -20.214
1.2069 -4.31034 -17.1225
1.2069 -3.96552 -14.2687
1.2069 -3.62069 -11.6528
1.2069 -3.27586 -9.27467
1.2069 -2.93103 -7.13436
1.2069 -2.58621 -5.23187
1.2069 -2.24138 -3.56718
1.2069 -1.89655 -2.14031
1.2069 -1.55172 -0.951249
1.2069 -1.2069 0
1.2069 -0.862069 0.713436
1.2069 -0.517241 1.18906
1.2069 -0.172414 1.42687
1.2069 0.172414 1.42687
1.2069 0.517241 1.18906
1.2069 0.862069 0.713436
1.2069 1.2069 0
1.2069 1.55172 -0.951249
1.2069 1.89655 -2.14031
1.2069 2.24138 -3.56718
1.2069 2.58621 -5.23187
1.2069 2.93103 -7.13436
1.2069 3.27586 -9.27467
1.2069 3.62069 -11.6528
1.2069 3.96552 -14.2687
1.2069 4.31034 -17.1225
1.2069 4.65517 -20.214
1.2069 5 -23.5434
1.55172 -5 -22.5922
1.55172 -4.65517 -19.2628
1.55172 -4.31034 -16.1712
1.55172 -3.96552 -13.3175
1.55172 -3.62069 -10.7015
1.55172 -3.27586 -8.32342
1.55172 -2.93103 -6.18312
1.55172 -2.58621 -4.28062
1.55172 -2.24138 -2.61593
1.55172 -1.89655 -1.18906
1.55172 -1.55172 0
1.55172 -1.2069 0.951249
1.55172 -0.862069 1.66468
1.55172 -0.517241 2.14031
1.55172 -0.172414 2.37812
1.55172 0.172414 2.37812
1.55172 0.517241 2.14031
1.55172 0.862069 1.66468
1.55172 1.2069 0.951249
1.55172 1.55172 0
1.55172 1.89655 -1.18906
1.55172 2.24138 -2.61593
1.55172 2.58621 -4.28062
1.55172 2.93103 -6.18312
1.55172 3.27586 -8.32342
1.55172 3.62069 -10.7015
1.55172 3.96552 -13.3175
1.55172 4.31034 -16.1712
1.55172 4.65517 -19.2628
1.55172 5 -22.5922
1.89655 -5 -21.4031
1.89655 -4.65517 -18.0737
1.89655 -4.31034 -14.9822
1.89655 -3.96552 -12.1284
1.89655 -3.62069 -9.51249
1.89655 -3.27586 -7.13436
1.89655 -2.93103 -4.99405
1.89655 -2.58621 -3.09156
1.89655 -2.24138 -1.42687
1.89655 -1.89655 -1.77636e-15
1.89655 -1.55172 1.18906
1.89655 -1.2069 2.14031
1.89655 -0.862069 2.85375
1.89655 -0.517241 3.32937
1.89655 -0.172414 3.56718
1.89655 0.172414 3.56718
1.89655 0.517241 3.32937
1.89655 0.862069 2.85375
1.89655 1.2069 2.14031
1.89655 1.55172 1.18906
1.89655 1.89655 0
1.89655 2.24138 -1.42687
1.89655 2.58621 -3.09156
1.89655 2.93103 -4.99405
1.89655 3.27586 -7.13436
1.89655 3.62069 -9.51249
1.89655 3.96552 -12.1284
1.89655 4.31034 -14.9822
1.89655 4.65517 -18.0737
1.89655 5 -21.4031
2.24138 -5 -19.9762
2.24138 -4.65517 -16.6468
2.24138 -4.31034 -13.5553
2.24138 -3.96552 -10.7015
2.24138 -3.62069 -8.08561
2.24138 -3.27586 -5.70749
2.24138 -2.93103 -3.56718
2.24138 -2.58621 -1.66468
2.24138 -2.24138 0
2.24138 -1.89655 1.42687
2.24138 -1.55172 2.61593
2.24138 -1.2069 3.56718
2.24138 -0.862069 4.28062
2.24138 -0.517241 4.75624
2.24138 -0.172414 4.99405
2.24138 0.172414 4.99405
2.24138 0.517241 4.75624
2.24138 0.862069 4.28062
2.24138 1.2069 3.56718
2.24138 1.55172 2.61593
2.24138 1.89655 1.42687
2.24138 2.24138 0
2.24138 2.58621 -1.66468
2.24138 2.93103 -3.56718
2.24138 3.27586 -5.70749
2.24138 3.62069 -8.08561
2.24138 3.96552 -10.7015
2.24138 4.31034 -13.5553
2.24138 4.65517 -16.6468
2.24138 5 -19.9762
2.58621 -5 -18.3115
2.58621 -4.65517 -14.9822
2.58621 -4.31034 -11.8906
2.58621 -3.96552 -9.03686
2.58621 -3.62069 -6.42093
2.58621 -3.27586 -4.04281
2.58621 -2.93103 -1.9025
2.58621 -2.58621 0
2.58621 -2.24138 1.66468
2.58621 -1.89655 3.09156
2.58621 -1.55172 4.28062
2.58621 -1.2069 5.23187
2.58621 -0.862069 5.9453
2.58621 -0.517241 6.42093
2.58621 -0.172414 6.65874
2.58621 0.172414 6.65874
2.58621 0.517241 6.42093
2.58621 0.862069 5.9453
2.58621 1.2069 5.23187
2.58621 1.55172 4.28062
2.58621 1.89655 3.09156
2.58621 2.24138 1.66468
2.58621 2.58621 0
2.58621 2.93103 -1.9025
2.58621 3.27586 -4.04281
2.58621 3.62069 -6.42093
2.58621 3.96552 -9.03686
2.58621 4.31034 -11.8906
2.58621 4.65517 -14.9822
2.58621 5 -18.3115
2.93103 -5 -16.409
2.93103 -4.65517 -13.0797
2.93103 -4.31034 -9.98811
2.93103 -3.96552 -7.13436
2.93103 -3.62069 -4.51843
2.93103 -3.27586 -2.14031
2.93103 -2.93103 3.55271e-15
2.93103 -2.58621 1.9025
2.93103 -2.24138 3.56718
2.93103 -1.89655 4.99405
2.93103 -1.55172 6.18312
2.93103 -1.2069 7.13436
2.93103 -0.862069 7.8478
2.93103 -0.517241 8.32342
2.93103 -0.172414 8.56124
2.93103 0.172414 8.56124
2.93103 0.517241 8.32342
2.93103 0.862069 7.8478
2.93103 1.2069 7.13436
2.93103 1.55172 6.18312
2.93103 1.89655 4.99405
2.93103 2.24138 3.56718
2.93103 2.58621 1.9025
2.93103 2.93103 0
2.93103 3.27586 -2.14031
2.93103 3.62069 -4.51843
2.93103 3.96552 -7.13436
2.93103 4.31034 -9.98811
2.93103 4.65517 -13.0797
2.93103 5 -16.409
3.27586 -5 -14.2687
3.27586 -4.65517 -10.9394
3.27586 -4.31034 -7.8478
3.27586 -3.96552 -4.99405
3.27586 -3.62069 -2.37812
3.27586 -3.27586 3.55271e-15
3.27586 -2.93103 2.14031
3.27586 -2.58621 4.04281
3.27586 -2.24138 5.70749
3.27586 -1.89655 7.13436
3.27586 -1.55172 8.32342
3.27586 -1.2069 9.27467
3.27586 -0.862069 9.98811
3.27586 -0.517241 10.4637
3.27586 -0.172414 10.7015
3.27586 0.172414 10.7015
3.27586 0.517241 10.4637
3.27586 0.862069 9.98811
3.27586 1.2069 9.27467
3.27586 1.55172 8.32342
3.27586 1.89655 7.13436
3.27586 2.24138 5.70749
3.27586 2.58621 4.04281
3.27586 2.93103 2.14031
3.27586 3.27586 0
3.27586 3.62069 -2.37812
3.27586 3.96552 -4.99405
3.27586 4.31034 -7.8478
3.27586 4.65517 -10.9394
3.27586 5 -14.2687
3.62069 -5 -11.8906
3.62069 -4.65517 -8.56124
3.62069 -4.31034 -5.46968
3.62069 -3.96552 -2.61593
3.62069 -3.62069 5.32907e-15
3.62069 -3.27586 2.37812
3.62069 -2.93103 4.51843
3.62069 -2.58621 6.42093
3.62069 -2.24138 8.08561
3.62069 -1.89655 9.51249
3.62069 -1.55172 10.7015
3.62069 -1.2069 11.6528
3.62069 -0.862069 12.3662
3.62069 -0.517241 12.8419
3.62069 -0.172414 13.0797
3.62069 0.172414 13.0797
3.62069 0.517241 12.8419
3.62069 0.862069 12.3662
3.62069 1.2069 11.6528
3.62069 1.55172 10.7015
3.62069 1.89655 9.51249
3.62069 2.24138 8.08561
3.62069 2.58621 6.42093
3.62069 2.93103 4.51843
3.62069 3.27586 2.37812
3.62069 3.62069 0
3.62069 3.96552 -2.61593
3.62069 4.31034 -5.46968
3.62069 4.65517 -8.56124
3.62069 5 -11.8906
3.96552 -5 -9.27467
3.96552 -4.65517 -5.9453
3.96552 -4.31034 -2.85375
3.96552 -3.96552 -7.10543e-15
3.96552 -3.62069 2.61593
3.96552 -3.27586 4.99405
3.96552 -2.93103 7.13436
3.96552 -2.58621 9.03686
3.96552 -2.24138 10.7015
3.96552 -1.89655 12.1284
3.96552 -1.55172 13.3175
3.96552 -1.2069 14.2687
3.96552 -0.862069 14.9822
3.96552 -0.517241 15.4578
3.96552 -0.172414 15.6956
3.96552 0.172414 15.6956
3.96552 0.517241 15.4578
3.96552 0.862069 14.9822
3.96552 1.2069 14.2687
3.96552 1.55172 13.3175
3.96552 1.89655 12.1284
3.96552 2.24138 10.7015
3.96552 2.58621 9.03686
3.96552 2.93103 7.13436
3.96552 3.27586 4.99405
3.96552 3.62069 2.61593
3.96552 3.96552 0
3.96552 4.31034 -2.85375
3.96552 4.65517 -5.9453
3.96552 5 -9.27467
4.31034 -5 -6.42093
4.31034 -4.65517 -3.09156
4.31034 -4.31034 0
4.31034 -3.96552 2.85375
4.31034 -3.62069 5.46968
4.31034 -3.27586 7.8478
4.31034 -2.93103 9.98811
4.31034 -2.58621 11.8906
4.31034 -2.24138 13.5553
4.31034 -1.89655 14.9822
4.31034 -1.55172 16.1712
4.31034 -1.2069 17.1225
4.31034 -0.862069 17.8359
4.31034 -0.517241 18.3115
4.31034 -0.172414 18.5493
4.31034 0.172414 18.5493
4.31034 0.517241 18.3115
4.31034 0.862069 17.8359
4.31034 1.2069 17.1225
4.31034 1.55172 16.1712
4.31034 1.89655 14.9822
4.31034 2.24138 13.5553
4.31034 2.58621 11.8906
4.31034 2.93103 9.98811
4.31034 3.27586 7.8478
4.31034 3.62069 5.46968
4.31034 3.96552 2.85375
4.31034 4.31034 0
4.31034 4.65517 -3.09156
4.31034 5 -6.42093
4.65517 -5 -3.32937
4.65517 -4.65517 0
4.65517 -4.31034 3.09156
4.65517 -3.96552 5.9453
4.65517 -3.62069 8.56124
4.65517 -3.27586 10.9394
4.65517 -2.93103 13.0797
4.65517 -2.58621 14.9822
4.65517 -2.24138 16.6468
4.65517 -1.89655 18.0737
4.65517 -1.55172 19.2628
4.65517 -1.2069 20.214
4.65517 -0.862069 20.9275
4.65517 -0.517241 21.4031
4.65517 -0.172414 21.6409
4.65517 0.172414 21.6409
4.65517 0.517241 21.4031
4.65517 0.862069 20.9275
4.65517 1.2069 20.214
4.65517 1.55172 19.2628
4.65517 1.89655 18.0737
4.65517 2.24138 16.6468
4.65517 2.58621 14.9822
4.65517 2.93103 13.0797
4.65517 3.27586 10.9394
4.65517 3.62069 8.56124
4.65517 3.96552 5.9453
4.65517 4.31034 3.09156
4.65517 4.65517 0
4.65517 5 -3.32937
5 -5 0
5 -4.65517 3.32937
5 -4.31034 6.42093
5 -3.96552 9.27467
5 -3.62069 11.8906
5 -3.27586 14.2687
5 -2.93103 16.409
5 -2.58621 18.3115
5 -2.24138 19.9762
5 -1.89655 21.4031
5 -1.55172 22.5922
5 -1.2069 23.5434
5 -0.862069 24.2568
5 -0.517241 24.7325
5 -0.172414 24.9703
5 0.172414 24.9703
5 0.517241 24.7325
5 0.862069 24.2568
5 1.2069 23.5434
5 1.55172 22.5922
5 1.89655 21.4031
5 2.24138 19.9762
5 2.58621 18.3115
5 2.93103 16.409
5 3.27586 14.2687
5 3.62069 11.8906
5 3.96552 9.27467
5 4.31034 6.42093
5 4.65517 3.32937
5 5 0


-5 -5 0.111941
-5 -4.65517 3.09763
-5 -4.31034 6.1154
-5 -3.96552 9.02086
-5 -3.62069 11.6868
-5 -3.27586 14.0474
-5 -2.93103 16.1165
-5 -2.58621 17.9596
-5 -2.24138 19.638
-5 -1.89655 21.162
-5 -1.55172 22.4871
-5 -1.2069 23.546
-5 -0.862069 24.2898
-5 -0.517241 24.7095
-5 -0.172414 24.8324
-5 0.172414 24.7043
-5 0.517241 24.3707
-5 0.862069 23.863
-5 1.2069 23.1916
-5 1.55172 22.3442
-5 1.89655 21.1971
-5 2.24138 19.9775
-5 2.58621 18.3656
-5 2.93103 16.419
-5 3.27586 14.1332
-5 3.62069 11.5451
-5 3.96552 8.73894
-5 4.31034 5.84535
-5 4.65517 3.0315
-5 5 0.48412
-4.65517 -5 -2.93604
-4.65517 -4.65517 0.049649
-4.65517 -4.31034 3.06743
-4.65517 -3.96552 5.97288
-4.65517 -3.62069 8.63879
-4.65517 -3.27586 10.9995
-4.65517 -2.93103 13.0685
-4.65517 -2.58621 14.9117
-4.65517 -2.24138 16.59
-4.65517 -1.89655 18.114
-4.65517 -1.55172 19.4391
-4.65517 -1.2069 20.498
-4.65517 -0.862069 21.2418
-4.65517 -0.517241 21.6615
-4.65517 -0.172414 21.7844
-4.65517 0.172414 21.6563
-4.65517 0.517241 21.3227
-4.65517 0.862069 20.815
-4.65517 1.2069 20.1436
-4.65517 1.55172 19.2962
-4.65517 1.89655 18.1492
-4.65517 2.24138 16.9295
-4.65517 2.58621 15.3176
-4.65517 2.93103 13.371
-4.65517 3.27586 11.0853
-4.65517 3.62069 8.49712
-4.65517 3.96552 5.69096
-4.65517 4.31034 2.79738
-4.65517 4.65517 -0.0164753
-4.65517 5 -2.56386
-4.31034 -5 -6.05122
-4.31034 -4.65517 -3.06554
-4.31034 -4.31034 -0.0477607
-4.31034 -3.96552 2.85769
-4.31034 -3.62069 5.52361
-4.31034 -3.27586 7.88427
-4.31034 -2.93103 9.95331
-4.31034 -2.58621 11.7965
-4.31034 -2.24138 13.4748
-4.31034 -1.89655 14.9988
-4.31034 -1.55172 16.3239
-4.31034 -1.2069 17.3828
-4.31034 -0.862069 18.1266
-4.31034 -0.517241 18.5463
-4.31034 -0.172414 18.6692
-4.31034 0.172414 18.5412
-4.31034 0.517241 18.2075
-4.31034 0.862069 17.6998
-4.31034 1.2069 17.0284
-4.31034 1.55172 16.181
-4.31034 1.89655 15.034
-4.31034 2.24138 13.8143
-4.31034 2.58621 12.2024
-4.31034 2.93103 10.2558
-4.31034 3.27586 7.97008
-4.31034 3.62069 5.38194
-4.31034 3.96552 2.57577
-4.31034 4.31034 -0.317812
-4.31034 4.65517 -3.13166
-4.31034 5 -5.67904
-3.96552 -5 -8.88865
-3.96552 -4.65517 -5.90297
-3.96552 -4.31034 -2.88519
-3.96552 -3.96552 0.020263
-3.96552 -3.62069 2.68618
-3.96552 -3.27586 5.04684
-3.96552 -2.93103 7.11588
-3.96552 -2.58621 8.95904
-3.96552 -2.24138 10.6374
-3.96552 -1.89655 12.1614
-3.96552 -1.55172 13.4865
-3.96552 -1.2069 14.5454
-3.96552 -0.862069 15.2892
-3.96552 -0.517241 15.7089
-3.96552 -0.172414 15.8318
-3.96552 0.172414 15.7037
-3.96552 0.517241 15.3701
-3.96552 0.862069 14.8624
-3.96552 1.2069 14.191
-3.96552 1.55172 13.3436
-3.96552 1.89655 12.1965
-3.96552 2.24138 10.9769
-3.96552 2.58621 9.36499
-3.96552 2.93103 7.4184
-3.96552 3.27586 5.13265
-3.96552 3.62069 2.54451
-3.96552 3.96552 -0.261658
-3.96552 4.31034 -3.15524
-3.96552 4.65517 -5.96909
-3.96552 5 -8.51647
-3.62069 -5 -11.4795
-3.62069 -4.65517 -8.49386
-3.62069 -4.31034 -5.47609
-3.62069 -3.96552 -2.57063
-3.62069 -3.62069 0.0952816
-3.62069 -3.27586 2.45594
-3.62069 -2.93103 4.52499
-3.62069 -2.58621 6.36814
-3.62069 -2.24138 8.04648
-3.62069 -1.89655 9.57052
-3.62069 -1.55172 10.8956
-3.62069 -1.2069 11.9545
-3.62069 -0.862069 12.6983
-3.62069 -0.517241 13.118
-3.62069 -0.172414 13.2409
-3.62069 0.172414 13.1128
-3.62069 0.517241 12.7792
-3.62069 0.862069 12.2715
-3.62069 1.2069 11.6001
-3.62069 1.55172 10.7527
-3.62069 1.89655 9.60565
-3.62069 2.24138 8.38599
-3.62069 2.58621 6.77409
-3.62069 2.93103 4.8275
-3.62069 3.27586 2.54176
-3.62069 3.62069 -0.046389
-3.62069 3.96552 -2.85255
-3.62069 4.31034 -5.74614
-3.62069 4.65517 -8.55999
-3.62069 5 -11.1074
-3.27586 -5 -13.8855
-3.27586 -4.65517 -10.8998
-3.27586 -4.31034 -7.88205
-3.27586 -3.96552 -4.97659
-3.27586 -3.62069 -2.31068
-3.27586 -3.27586 0.0499808
-3.27586 -2.93103 2.11903
-3.27586 -2.58621 3.96218
-3.27586 -2.24138 5.64052
-3.27586 -1.89655 7.16456
-3.27586 -1.55172 8.4896
-3.27586 -1.2069 9.54852
-3.27586 -0.862069 10.2924
-3.27586 -0.517241 10.712
-3.27586 -0.172414 10.8349
-3.27586 0.172414 10.7069
-3.27586 0.517241 10.3733
-3.27586 0.862069 9.86553
-3.27586 1.2069 9.19414
-3.27586 1.55172 8.34672
-3.27586 1.89655 7.19969
-3.27586 2.24138 5.98003
-3.27586 2.58621 4.36813
-3.27586 2.93103 2.42154
-3.27586 3.27586 0.135799
-3.27586 3.62069 -2.45235
-3.27586 3.96552 -5.25851
-3.27586 4.31034 -8.1521
-3.27586 4.65517 -10.9659
-3.27586 5 -13.5133
-2.93103 -5 -16.0963
-2.93103 -4.65517 -13.1106
-2.93103 -4.31034 -10.0929
-2.93103 -3.96552 -7.18741
-2.93103 -3.62069 -4.52149
-2.93103 -3.27586 -2.16083
-2.93103 -2.93103 -0.0917855
-2.93103 -2.58621 1.75137
-2.93103 -2.24138 3.42971
-2.93103 -1.89655 4.95374
-2.93103 -1.55172 6.27879
-2.93103 -1.2069 7.3377
-2.93103 -0.862069 8.08154
-2.93103 -0.517241 8.50123
-2.93103 -0.172414 8.6241
-2.93103 0.172414 8.49605
-2.93103 0.517241 8.16245
-2.93103 0.862069 7.65471
-2.93103 1.2069 6.98333
-2.93103 1.55172 6.1359
-2.93103 1.89655 4.98888
-2.93103 2.24138 3.76921
-2.93103 2.58621 2.15732
-2.93103 2.93103 0.210731
-2.93103 3.27586 -2.07501
-2.93103 3.62069 -4.66316
-2.93103 3.96552 -7.46933
-2.93103 4.31034 -10.3629
-2.93103 4.65517 -13.1768
-2.93103 5 -15.7241
-2.58621 -5 -18.0679
-2.58621 -4.65517 -15.0822
-2.58621 -4.31034 -12.0644
-2.58621 -3.96552 -9.15895
-2.58621 -3.62069 -6.49303
-2.58621 -3.27586 -4.13237
-2.58621 -2.93103 -2.06333
-2.58621 -2.58621 -0.220168
-2.58621 -2.24138 1.45817
-2.58621 -1.89655 2.9822
-2.58621 -1.55172 4.30725
-2.58621 -1.2069 5.36616
-2.58621 -0.862069 6.11
-2.58621 -0.517241 6.52969
-2.58621 -0.172414 6.65256
-2.58621 0.172414 6.52451
-2.58621 0.517241 6.19091
-2.58621 0.862069 5.68317
-2.58621 1.2069 5.01179
-2.58621 1.55172 4.16437
-2.58621 1.89655 3.01734
-2.58621 2.24138 1.79767
-2.58621 2.58621 0.185777
-2.58621 2.93103 -1.76081
-2.58621 3.27586 -4.04655
-2.58621 3.62069 -6.6347
-2.58621 3.96552 -9.44087
-2.58621 4.31034 -12.3344
-2.58621 4.65517 -15.1483
-2.58621 5 -17.6957
-2.24138 -5 -19.7653
-2.24138 -4.65517 -16.7796
-2.24138 -4.31034 -13.7618
-2.24138 -3.96552 -10.8563
-2.24138 -3.62069 -8.19042
-2.24138 -3.27586 -5.82976
-2.24138 -2.93103 -3.76072
-2.24138 -2.58621 -1.91756
-2.24138 -2.24138 -0.239223
-2.24138 -1.89655 1.28481
-2.24138 -1.55172 2.60986
-2.24138 -1.2069 3.66877
-2.24138 -0.862069 4.41261
-2.24138 -0.517241 4.8323
-2.24138 -0.172414 4.95517
-2.24138 0.172414 4.82712
-2.24138 0.517241 4.49351
-2.24138 0.862069 3.98578
-2.24138 1.2069 3.3144
-2.24138 1.55172 2.46697
-2.24138 1.89655 1.31995
-2.24138 2.24138 0.100281
-2.24138 2.58621 -1.51162
-2.24138 2.93103 -3.4582
-2.24138 3.27586 -5.74395
-2.24138 3.62069 -8.33209
-2.24138 3.96552 -11.1383
-2.24138 4.31034 -14.0318
-2.24138 4.65517 -16.8457
-2.24138 5 -19.3931
-1.89655 -5 -21.1796
-1.89655 -4.65517 -18.1939
-1.89655 -4.31034 -15.1761
-1.89655 -3.96552 -12.2707
-1.89655 -3.62069 -9.60475
-1.89655 -3.27586 -7.24409
-1.89655 -2.93103 -5.17504
-1.89655 -2.58621 -3.33189
-1.89655 -2.24138 -1.65355
-1.89655 -1.89655 -0.129514
-1.89655 -1.55172 1.19553
-1.89655 -1.2069 2.25445
-1.89655 -0.862069 2.99829
-1.89655 -0.517241 3.41797
-1.89655 -0.172414 3.54084
-1.89655 0.172414 3.4128
-1.89655 0.517241 3.07919
-1.89655 0.862069 2.57146
-1.89655 1.2069 1.90007
-1.89655 1.55172 1.05265
-1.89655 1.89655 -0.0943765
-1.89655 2.24138 -1.31404
-1.89655 2.58621 -2.92594
-1.89655 2.93103 -4.87253
-1.89655 3.27586 -7.15827
-1.89655 3.62069 -9.74642
-1.89655 3.96552 -12.5526
-1.89655 4.31034 -15.4462
-1.89655 4.65517 -18.26
-1.89655 5 -20.8074
-1.55172 -5 -22.3274
-1.55172 -4.65517 -19.3417
-1.55172 -4.31034 -16.3239
-1.55172 -3.96552 -13.4184
-1.55172 -3.62069 -10.7525
-1.55172 -3.27586 -8.39187
-1.55172 -2.93103 -6.32282
-1.55172 -2.58621 -4.47967
-1.55172 -2.24138 -2.80133
-1.55172 -1.89655 -1.27729
-1.55172 -1.55172 0.047751
-1.55172 -1.2069 1.10667
-1.55172 -0.862069 1.85051
-1.55172 -0.517241 2.27019
-1.55172 -0.172414 2.39306
-1.55172 0.172414 2.26502
-1.55172 0.517241 1.93141
-1.55172 0.862069 1.42368
-1.55172 1.2069 0.752293
-1.55172 1.55172 -0.0951335
-1.55172 1.89655 -1.24216
-1.55172 2.24138 -2.46183
-1.55172 2.58621 -4.07372
-1.55172 2.93103 -6.02031
-1.55172 3.27586 -8.30605
-1.55172 3.62069 -10.8942
-1.55172 3.96552 -13.7004
-1.55172 4.31034 -16.5939
-1.55172 4.65517 -19.4078
-1.55172 5 -21.9552
-1.2069 -5 -23.2377
-1.2069 -4.65517 -20.252
-1.2069 -4.31034 -17.2342
-1.2069 -3.96552 -14.3288
-1.2069 -3.62069 -11.6629
-1.2069 -3.27586 -9.30221
-1.2069 -2.93103 -7.23317
-1.2069 -2.58621 -5.39001
-1.2069 -2.24138 -3.71167
-1.2069 -1.89655 -2.18764
-1.2069 -1.55172 -0.862594
-1.2069 -1.2069 0.196322
-1.2069 -0.862069 0.940161
-1.2069 -0.517241 1.35985
-1.2069 -0.172414 1.48272
-1.2069 0.172414 1.35467
-1.2069 0.517241 1.02106
-1.2069 0.862069 0.513331
-1.2069 1.2069 -0.158052
-1.2069 1.55172 -1.00548
-1.2069 1.89655 -2.1525
-1.2069 2.24138 -3.37217
-1.2069 2.58621 -4.98407
-1.2069 2.93103 -6.93065
-1.2069 3.27586 -9.2164
-1.2069 3.62069 -11.8045
-1.2069 3.96552 -14.6107
-1.2069 4.31034 -17.5043
-1.2069 4.65517 -20.3181
-1.2069 5 -22.8655
-0.862069 -5 -23.902
-0.862069 -4.65517 -20.9163
-0.862069 -4.31034 -17.8985
-0.862069 -3.96552 -14.993
-0.862069 -3.62069 -12.3271
-0.862069 -3.27586 -9.96646
-0.862069 -2.93103 -7.89742
-0.862069 -2.58621 -6.05426
-0.862069 -2.24138 -4.37592
-0.862069 -1.89655 -2.85189
-0.862069 -1.55172 -1.52684
-0.862069 -1.2069 -0.467926
-0.862069 -0.862069 0.275914
-0.862069 -0.517241 0.695598
-0.862069 -0.172414 0.818472
-0.862069 0.172414 0.690423
-0.862069 0.517241 0.356817
-0.862069 0.862069 -0.150917
-0.862069 1.2069 -0.822299
-0.862069 1.55172 -1.66973
-0.862069 1.89655 -2.81675
-0.862069 2.24138 -4.03642
-0.862069 2.58621 -5.64831
-0.862069 2.93103 -7.5949
-0.862069 3.27586 -9.88064
-0.862069 3.62069 -12.4688
-0.862069 3.96552 -15.275
-0.862069 4.31034 -18.1685
-0.862069 4.65517 -20.9824
-0.862069 5 -23.5298
-0.517241 -5 -24.1803
-0.517241 -4.65517 -21.1946
-0.517241 -4.31034 -18.1768
-0.517241 -3.96552 -15.2714
-0.517241 -3.62069 -12.6055
-0.517241 -3.27586 -10.2448
-0.517241 -2.93103 -8.17575
-0.517241 -2.58621 -6.33259
-0.517241 -2.24138 -4.65425
-0.517241 -1.89655 -3.13022
-0.517241 -1.55172 -1.80517
-0.517241 -1.2069 -0.746257
-0.517241 -0.862069 -0.00241743
-0.517241 -0.517241 0.417267
-0.517241 -0.172414 0.540141
-0.517241 0.172414 0.412092
-0.517241 0.517241 0.0784857
-0.517241 0.862069 -0.429248
-0.517241 1.2069 -1.10063
-0.517241 1.55172 -1.94806
-0.517241 1.89655 -3.09508
-0.517241 2.24138 -4.31475
-0.517241 2.58621 -5.92664
-0.517241 2.93103 -7.87323
-0.517241 3.27586 -10.159
-0.517241 3.62069 -12.7471
-0.517241 3.96552 -15.5533
-0.517241 4.31034 -18.4469
-0.517241 4.65517 -21.2607
-0.517241 5 -23.8081
-0.172414 -5 -24.2699
-0.172414 -4.65517 -21.2842
-0.172414 -4.31034 -18.2665
-0.172414 -3.96552 -15.361
-0.172414 -3.62069 -12.6951
-0.172414 -3.27586 -10.3344
-0.172414 -2.93103 -8.26539
-0.172414 -2.58621 -6.42223
-0.172414 -2.24138 -4.74389
-0.172414 -1.89655 -3.21986
-0.172414 -1.55172 -1.89481
-0.172414 -1.2069 -0.835896
-0.172414 -0.862069 -0.0920565
-0.172414 -0.517241 0.327628
-0.172414 -0.172414 0.450502
-0.172414 0.172414 0.322453
-0.172414 0.517241 -0.0111534
-0.172414 0.862069 -0.518887
-0.172414 1.2069 -1.19027
-0.172414 1.55172 -2.0377
-0.172414 1.89655 -3.18472
-0.172414 2.24138 -4.40439
-0.172414 2.58621 -6.01628
-0.172414 2.93103 -7.96287
-0.172414 3.27586 -10.2486
-0.172414 3.62069 -12.8368
-0.172414 3.96552 -15.6429
-0.172414 4.31034 -18.5365
-0.172414 4.65517 -21.3504
-0.172414 5 -23.8977
0.172414 -5 -24.7989
0.172414 -4.65517 -21.8132
0.172414 -4.31034 -18.7954
0.172414 -3.96552 -15.89
0.172414 -3.62069 -13.2241
0.172414 -3.27586 -10.8634
0.172414 -2.93103 -8.79438
0.172414 -2.58621 -6.95122
0.172414 -2.24138 -5.27288
0.172414 -1.89655 -3.74885
0.172414 -1.55172 -2.4238
0.172414 -1.2069 -1.36489
0.172414 -0.862069 -0.621046
0.172414 -0.517241 -0.201362
0.172414 -0.172414 -0.0784881
0.172414 0.172414 -0.206536
0.172414 0.517241 -0.540143
0.172414 0.862069 -1.04788
0.172414 1.2069 -1.71926
0.172414 1.55172 -2.56669
0.172414 1.89655 -3.71371
0.172414 2.24138 -4.93338
0.172414 2.58621 -6.54527
0.172414 2.93103 -8.49186
0.172414 3.27586 -10.7776
0.172414 3.62069 -13.3658
0.172414 3.96552 -16.1719
0.172414 4.31034 -19.0655
0.172414 4.65517 -21.8794
0.172414 5 -24.4267
0.517241 -5 -24.8068
0.517241 -4.65517 -21.8211
0.517241 -4.31034 -18.8033
0.517241 -3.96552 -15.8979
0.517241 -3.62069 -13.232
0.517241 -3.27586 -10.8713
0.517241 -2.93103 -8.80227
0.517241 -2.58621 -6.95912
0.517241 -2.24138 -5.28078
0.517241 -1.89655 -3.75674
0.517241 -1.55172 -2.4317
0.517241 -1.2069 -1.37278
0.517241 -0.862069 -0.628945
0.517241 -0.517241 -0.20926
0.517241 -0.172414 -0.0863867
0.517241 0.172414 -0.214435
0.517241 0.517241 -0.548042
0.517241 0.862069 -1.05577
0.517241 1.2069 -1.72716
0.517241 1.55172 -2.57458
0.517241 1.89655 -3.72161
0.517241 2.24138 -4.94128
0.517241 2.58621 -6.55317
0.517241 2.93103 -8.49976
0.517241 3.27586 -10.7855
0.517241 3.62069 -13.3737
0.517241 3.96552 -16.1798
0.517241 4.31034 -19.0734
0.517241 4.65517 -21.8872
0.517241 5 -24.4346
0.862069 -5 -23.9922
0.862069 -4.65517 -21.0065
0.862069 -4.31034 -17.9887
0.862069 -3.96552 -15.0833
0.862069 -3.62069 -12.4174
0.862069 -3.27586 -10.0567
0.862069 -2.93103 -7.98766
0.862069 -2.58621 -6.1445
0.862069 -2.24138 -4.46616
0.862069 -1.89655 -2.94213
0.862069 -1.55172 -1.61708
0.862069 -1.2069 -0.558169
0.862069 -0.862069 0.185671
0.862069 -0.517241 0.605355
0.862069 -0.172414 0.728229
0.862069 0.172414 0.60018
0.862069 0.517241 0.266574
0.862069 0.862069 -0.24116
0.862069 1.2069 -0.912542
0.862069 1.55172 -1.75997
0.862069 1.89655 -2.90699
0.862069 2.24138 -4.12666
0.862069 2.58621 -5.73856
0.862069 2.93103 -7.68514
0.862069 3.27586 -9.97089
0.862069 3.62069 -12.559
0.862069 3.96552 -15.3652
0.862069 4.31034 -18.2588
0.862069 4.65517 -21.0726
0.862069 5 -23.62
1.2069 -5 -23.1278
1.2069 -4.65517 -20.1421
1.2069 -4.31034 -17.1244
1.2069 -3.96552 -14.2189
1.2069 -3.62069 -11.553
1.2069 -3.27586 -9.19232
1.2069 -2.93103 -7.12328
1.2069 -2.58621 -5.28012
1.2069 -2.24138 -3.60178
1.2069 -1.89655 -2.07775
1.2069 -1.55172 -0.752704
1.2069 -1.2069 0.306212
1.2069 -0.862069 1.05005
1.2069 -0.517241 1.46974
1.2069 -0.172414 1.59261
1.2069 0.172414 1.46456
1.2069 0.517241 1.13095
1.2069 0.862069 0.623221
1.2069 1.2069 -0.0481619
1.2069 1.55172 -0.895588
1.2069 1.89655 -2.04261
1.2069 2.24138 -3.26228
1.2069 2.58621 -4.87418
1.2069 2.93103 -6.82076
1.2069 3.27586 -9.10651
1.2069 3.62069 -11.6947
1.2069 3.96552 -14.5008
1.2069 4.31034 -17.3944
1.2069 4.65517 -20.2083
1.2069 5 -22.7556
1.55172 -5 -22.2203
1.55172 -4.65517 -19.2346
1.55172 -4.31034 -16.2168
1.55172 -3.96552 -13.3114
1.55172 -3.62069 -10.6455
1.55172 -3.27586 -8.28481
1.55172 -2.93103 -6.21577
1.55172 -2.58621 -4.37261
1.55172 -2.24138 -2.69427
1.55172 -1.89655 -1.17024
1.55172 -1.55172 0.154808
1.55172 -1.2069 1.21372
1.55172 -0.862069 1.95756
1.55172 -0.517241 2.37725
1.55172 -0.172414 2.50012
1.55172 0.172414 2.37207
1.55172 0.517241 2.03847
1.55172 0.862069 1.53073
1.55172 1.2069 0.85935
1.55172 1.55172 0.0119238
1.55172 1.89655 -1.1351
1.55172 2.24138 -2.35477
1.55172 2.58621 -3.96666
1.55172 2.93103 -5.91325
1.55172 3.27586 -8.19899
1.55172 3.62069 -10.7871
1.55172 3.96552 -13.5933
1.55172 4.31034 -16.4869
1.55172 4.65517 -19.3007
1.55172 5 -21.8481
1.89655 -5 -21.1257
1.89655 -4.65517 -18.14
1.89655 -4.31034 -15.1222
1.89655 -3.96552 -12.2168
1.89655 -3.62069 -9.55086
1.89655 -3.27586 -7.1902
1.89655 -2.93103 -5.12116
1.89655 -2.58621 -3.278
1.89655 -2.24138 -1.59966
1.89655 -1.89655 -0.0756287
1.89655 -1.55172 1.24942
1.89655 -1.2069 2.30833
1.89655 -0.862069 3.05217
1.89655 -0.517241 3.47186
1.89655 -0.172414 3.59473
1.89655 0.172414 3.46668
1.89655 0.517241 3.13307
1.89655 0.862069 2.62534
1.89655 1.2069 1.95396
1.89655 1.55172 1.10653
1.89655 1.89655 -0.0404915
1.89655 2.24138 -1.26016
1.89655 2.58621 -2.87206
1.89655 2.93103 -4.81864
1.89655 3.27586 -7.10439
1.89655 3.62069 -9.69253
1.89655 3.96552 -12.4987
1.89655 4.31034 -15.3923
1.89655 4.65517 -18.2061
1.89655 5 -20.7535
2.24138 -5 -19.7674
2.24138 -4.65517 -16.7818
2.24138 -4.31034 -13.764
2.24138 -3.96552 -10.8585
2.24138 -3.62069 -8.19261
2.24138 -3.27586 -5.83195
2.24138 -2.93103 -3.7629
2.24138 -2.58621 -1.91974
2.24138 -2.24138 -0.241407
2.24138 -1.89655 1.28263
2.24138 -1.55172 2.60767
2.24138 -1.2069 3.66659
2.24138 -0.862069 4.41043
2.24138 -0.517241 4.83011
2.24138 -0.172414 4.95299
2.24138 0.172414 4.82494
2.24138 0.517241 4.49133
2.24138 0.862069 3.9836
2.24138 1.2069 3.31221
2.24138 1.55172 2.46479
2.24138 1.89655 1.31776
2.24138 2.24138 0.0980971
2.24138 2.58621 -1.5138
2.24138 2.93103 -3.46038
2.24138 3.27586 -5.74613
2.24138 3.62069 -8.33428
2.24138 3.96552 -11.1404
2.24138 4.31034 -14.034
2.24138 4.65517 -16.8479
2.24138 5 -19.3953
2.58621 -5 -18.101
2.58621 -4.65517 -15.1153
2.58621 -4.31034 -12.0976
2.58621 -3.96552 -9.19212
2.58621 -3.62069 -6.5262
2.58621 -3.27586 -4.16554
2.58621 -2.93103 -2.0965
2.58621 -2.58621 -0.253339
2.58621 -2.24138 1.425
2.58621 -1.89655 2.94903
2.58621 -1.55172 4.27408
2.58621 -1.2069 5.33299
2.58621 -0.862069 6.07683
2.58621 -0.517241 6.49652
2.58621 -0.172414 6.61939
2.58621 0.172414 6.49134
2.58621 0.517241 6.15774
2.58621 0.862069 5.65
2.58621 1.2069 4.97862
2.58621 1.55172 4.13119
2.58621 1.89655 2.98417
2.58621 2.24138 1.7645
2.58621 2.58621 0.152606
2.58621 2.93103 -1.79398
2.58621 3.27586 -4.07972
2.58621 3.62069 -6.66787
2.58621 3.96552 -9.47404
2.58621 4.31034 -12.3676
2.58621 4.65517 -15.1815
2.58621 5 -17.7289
2.93103 -5 -16.1211
2.93103 -4.65517 -13.1354
2.93103 -4.31034 -10.1177
2.93103 -3.96552 -7.2122
2.93103 -3.62069 -4.54629
2.93103 -3.27586 -2.18563
2.93103 -2.93103 -0.116581
2.93103 -2.58621 1.72658
2.93103 -2.24138 3.40491
2.93103 -1.89655 4.92895
2.93103 -1.55172 6.25399
2.93103 -1.2069 7.31291
2.93103 -0.862069 8.05675
2.93103 -0.517241 8.47643
2.93103 -0.172414 8.59931
2.93103 0.172414 8.47126
2.93103 0.517241 8.13765
2.93103 0.862069 7.62992
2.93103 1.2069 6.95854
2.93103 1.55172 6.11111
2.93103 1.89655 4.96409
2.93103 2.24138 3.74442
2.93103 2.58621 2.13252
2.93103 2.93103 0.185936
2.93103 3.27586 -2.09981
2.93103 3.62069 -4.68796
2.93103 3.96552 -7.49412
2.93103 4.31034 -10.3877
2.93103 4.65517 -13.2016
2.93103 5 -15.7489
3.27586 -5 -13.8563
3.27586 -4.65517 -10.8706
3.27586 -4.31034 -7.85279
3.27586 -3.96552 -4.94734
3.27586 -3.62069 -2.28142
3.27586 -3.27586 0.0792365
3.27586 -2.93103 2.14828
3.27586 -2.58621 3.99144
3.27586 -2.24138 5.66978
3.27586 -1.89655 7.19381
3.27586 -1.55172 8.51886
3.27586 -1.2069 9.57777
3.27586 -0.862069 10.3216
3.27586 -0.517241 10.7413
3.27586 -0.172414 10.8642
3.27586 0.172414 10.7361
3.27586 0.517241 10.4025
3.27586 0.862069 9.89478
3.27586 1.2069 9.2234
3.27586 1.55172 8.37597
3.27586 1.89655 7.22895
3.27586 2.24138 6.00928
3.27586 2.58621 4.39739
3.27586 2.93103 2.4508
3.27586 3.27586 0.165055
3.27586 3.62069 -2.42309
3.27586 3.96552 -5.22926
3.27586 4.31034 -8.12284
3.27586 4.65517 -10.9367
3.27586 5 -13.4841
3.62069 -5 -11.3552
3.62069 -4.65517 -8.36954
3.62069 -4.31034 -5.35176
3.62069 -3.96552 -2.44631
3.62069 -3.62069 0.219603
3.62069 -3.27586 2.58026
3.62069 -2.93103 4.64931
3.62069 -2.58621 6.49247
3.62069 -2.24138 8.1708
3.62069 -1.89655 9.69484
3.62069 -1.55172 11.0199
3.62069 -1.2069 12.0788
3.62069 -0.862069 12.8226
3.62069 -0.517241 13.2423
3.62069 -0.172414 13.3652
3.62069 0.172414 13.2371
3.62069 0.517241 12.9035
3.62069 0.862069 12.3958
3.62069 1.2069 11.7244
3.62069 1.55172 10.877
3.62069 1.89655 9.72998
3.62069 2.24138 8.51031
3.62069 2.58621 6.89841
3.62069 2.93103 4.95183
3.62069 3.27586 2.66608
3.62069 3.62069 0.0779326
3.62069 3.96552 -2.72823
3.62069 4.31034 -5.62182
3.62069 4.65517 -8.43567
3.62069 5 -10.983
3.96552 -5 -8.67726
3.96552 -4.65517 -5.69158
3.96552 -4.31034 -2.6738
3.96552 -3.96552 0.231655
3.96552 -3.62069 2.89757
3.96552 -3.27586 5.25823
3.96552 -2.93103 7.32727
3.96552 -2.58621 9.17043
3.96552 -2.24138 10.8488
3.96552 -1.89655 12.3728
3.96552 -1.55172 13.6978
3.96552 -1.2069 14.7568
3.96552 -0.862069 15.5006
3.96552 -0.517241 15.9203
3.96552 -0.172414 16.0432
3.96552 0.172414 15.9151
3.96552 0.517241 15.5815
3.96552 0.862069 15.0738
3.96552 1.2069 14.4024
3.96552 1.55172 13.555
3.96552 1.89655 12.4079
3.96552 2.24138 11.1883
3.96552 2.58621 9.57638
3.96552 2.93103 7.62979
3.96552 3.27586 5.34405
3.96552 3.62069 2.7559
3.96552 3.96552 -0.0502661
3.96552 4.31034 -2.94385
3.96552 4.65517 -5.7577
3.96552 5 -8.30508
4.31034 -5 -5.88785
4.31034 -4.65517 -2.90216
4.31034 -4.31034 0.115616
4.31034 -3.96552 3.02107
4.31034 -3.62069 5.68698
4.31034 -3.27586 8.04764
4.31034 -2.93103 10.1167
4.31034 -2.58621 11.9598
4.31034 -2.24138 13.6382
4.31034 -1.89655 15.1622
4.31034 -1.55172 16.4873
4.31034 -1.2069 17.5462
4.31034 -0.862069 18.29
4.31034 -0.517241 18.7097
4.31034 -0.172414 18.8326
4.31034 0.172414 18.7045
4.31034 0.517241 18.3709
4.31034 0.862069 17.8632
4.31034 1.2069 17.1918
4.31034 1.55172 16.3444
4.31034 1.89655 15.1974
4.31034 2.24138 13.9777
4.31034 2.58621 12.3658
4.31034 2.93103 10.4192
4.31034 3.27586 8.13346
4.31034 3.62069 5.54531
4.31034 3.96552 2.73915
4.31034 4.31034 -0.154435
4.31034 4.65517 -2.96829
4.31034 5 -5.51567
4.65517 -5 -3.05683
4.65517 -4.65517 -0.0711409
4.65517 -4.31034 2.94664
4.65517 -3.96552 5.85209
4.65517 -3.62069 8.518
4.65517 -3.27586 10.8787
4.65517 -2.93103 12.9477
4.65517 -2.58621 14.7909
4.65517 -2.24138 16.4692
4.65517 -1.89655 17.9932
4.65517 -1.55172 19.3183
4.65517 -1.2069 20.3772
4.65517 -0.862069 21.121
4.65517 -0.517241 21.5407
4.65517 -0.172414 21.6636
4.65517 0.172414 21.5355
4.65517 0.517241 21.2019
4.65517 0.862069 20.6942
4.65517 1.2069 20.0228
4.65517 1.55172 19.1754
4.65517 1.89655 18.0284
4.65517 2.24138 16.8087
4.65517 2.58621 15.1968
4.65517 2.93103 13.2502
4.65517 3.27586 10.9645
4.65517 3.62069 8.37633
4.65517 3.96552 5.57017
4.65517 4.31034 2.67659
4.65517 4.65517 -0.137265
4.65517 5 -2.68465
5 -5 -0.256246
5 -4.65517 2.72944
5 -4.31034 5.74722
5 -3.96552 8.65267
5 -3.62069 11.3186
5 -3.27586 13.6792
5 -2.93103 15.7483
5 -2.58621 17.5914
5 -2.24138 19.2698
5 -1.89655 20.7938
5 -1.55172 22.1189
5 -1.2069 23.1778
5 -0.862069 23.9216
5 -0.517241 24.3413
5 -0.172414 24.4642
5 0.172414 24.3361
5 0.517241 24.0025
5 0.862069 23.4948
5 1.2069 22.8234
5 1.55172 21.976
5 1.89655 20.829
5 2.24138 19.6093
5 2.58621 17.9974
5 2.93103 16.0508
5 3.27586 13.7651
5 3.62069 11.1769
5 3.96552 8.37075
5 4.31034 5.47717
5 4.65517 2.66331
5 5 0.115933
